0 0.329920 0.184440 0.024770 0.035890
0 0.234380 0.641980 0.016160 0.026370
0 0.149920 0.278920 0.023250 0.049990
0 0.443630 0.745200 0.031770 0.047200
0 0.150150 0.541410 0.034290 0.045140
0 0.361000 0.475030 0.018360 0.020740
0 0.083310 0.224030 0.015610 0.037030
0 0.109640 0.204170 0.019230 0.036070
0 0.139020 0.654150 0.012500 0.028660
0 0.108310 0.703230 0.011440 0.039780
0 0.270540 0.787910 0.024440 0.037030
0 0.314310 0.874530 0.025500 0.041660
0 0.453100 0.530050 0.013500 0.039780
0 0.487980 0.174960 0.028110 0.020330
0 0.383290 0.220830 0.024990 0.019410
0 0.229660 0.093930 0.022890 0.030530
0 0.173950 0.482860 0.018720 0.026830
0 0.312980 0.543970 0.017670 0.019410
