0 0.337470 0.735410 0.029160 0.043810
0 0.401650 0.653240 0.058140 0.050540
0 0.449990 0.414790 0.039550 0.075900
0 0.504420 0.468020 0.024440 0.091650
0 0.499470 0.680060 0.035390 0.071270
0 0.465320 0.778670 0.036940 0.062940
0 0.556740 0.838860 0.024990 0.051820
0 0.528910 0.929140 0.040050 0.052740
0 0.169510 0.971300 0.045270 0.057400
0 0.121080 0.707390 0.023440 0.081440
0 0.163010 0.559260 0.028110 0.042570
0 0.242940 0.606000 0.037990 0.089770
0 0.039550 0.406000 0.037490 0.032360
0 0.040330 0.323140 0.034880 0.025910
0 0.650220 0.029620 0.045270 0.059240
