0 0.461620 0.611860 0.033970 0.058230
0 0.458370 0.763470 0.031490 0.078740
0 0.508860 0.673980 0.048620 0.059560
0 0.292290 0.775650 0.028750 0.035890
0 0.369740 0.256860 0.034790 0.027600
0 0.154730 0.120390 0.025450 0.048570
0 0.123510 0.170110 0.024540 0.029800
0 0.330460 0.598210 0.046880 0.037540
0 0.286790 0.977250 0.030440 0.045410
0 0.210990 0.975600 0.059650 0.048710
0 0.566120 0.960680 0.036030 0.078550
0 0.499980 0.957610 0.022980 0.044720
0 0.459560 0.873880 0.019230 0.028700
0 0.304650 0.866470 0.038820 0.028150
0 0.515630 0.465090 0.032000 0.098330
0 0.263040 0.016800 0.022660 0.033650
0 0.424120 0.071230 0.024350 0.083730
0 0.559260 0.687020 0.031820 0.066470
