0 0.204900 0.153630 0.041660 0.069630
0 0.187230 0.794280 0.041980 0.064960
0 0.353350 0.442110 0.047380 0.045370
0 0.378620 0.674530 0.031220 0.097180
0 0.445270 0.767590 0.019780 0.059240
0 0.382280 0.798580 0.021840 0.067570
0 0.442160 0.830530 0.030170 0.042570
0 0.312750 0.940260 0.048430 0.047200
0 0.323410 0.838860 0.035390 0.048110
0 0.293200 0.799500 0.028110 0.069400
0 0.280200 0.877780 0.043720 0.092560
0 0.246330 0.821290 0.036440 0.044400
0 0.216660 0.985630 0.021840 0.028660
0 0.167960 0.983790 0.023440 0.032360
0 0.485150 0.590250 0.039050 0.086110
0 0.331980 0.602290 0.036900 0.034240
0 0.168460 0.608790 0.035930 0.087940
0 0.146580 0.712930 0.028610 0.087020
0 0.126300 0.732520 0.015060 0.028060
0 0.083040 0.525890 0.044270 0.038860
0 0.163240 0.390250 0.044270 0.045370
0 0.584340 0.127310 0.033330 0.062030
