0 0.464960 0.774320 0.037770 0.071920
0 0.400370 0.655530 0.056490 0.053150
0 0.451540 0.424030 0.038500 0.070360
0 0.505700 0.466190 0.029160 0.099060
0 0.498700 0.680520 0.034880 0.075900
0 0.339020 0.736100 0.028110 0.042570
0 0.038270 0.324510 0.028610 0.026830
0 0.038500 0.405540 0.037490 0.035160
0 0.630170 0.038090 0.051770 0.053700
0 0.560910 0.066190 0.018720 0.047200
0 0.245820 0.602240 0.033330 0.087850
0 0.528910 0.927310 0.040050 0.056440
0 0.120810 0.696730 0.020830 0.054610
0 0.556740 0.830530 0.026000 0.064770
0 0.697460 0.665740 0.041520 0.061070
0 0.565800 0.625410 0.020420 0.064450
