0 0.335410 0.487300 0.029850 0.059330
0 0.276770 0.737240 0.039460 0.039830
0 0.196480 0.621790 0.048290 0.058870
0 0.325750 0.411080 0.033830 0.112930
0 0.410890 0.476810 0.030170 0.066650
0 0.454340 0.412950 0.023580 0.051820
0 0.491370 0.472190 0.030720 0.074070
0 0.452050 0.572670 0.028110 0.024990
0 0.328590 0.599040 0.043950 0.053700
0 0.360910 0.680890 0.042390 0.040970
0 0.240880 0.676360 0.032780 0.076810
0 0.126530 0.641200 0.022890 0.045370
0 0.173680 0.600920 0.044270 0.061070
0 0.176010 0.736550 0.040600 0.043490
0 0.165350 0.855990 0.037990 0.074980
0 0.249710 0.953220 0.041110 0.054610
0 0.301030 0.131930 0.032270 0.074980
0 0.163330 0.480430 0.026780 0.025130
0 0.311920 0.757840 0.043900 0.082220
