0 0.495080 0.925110 0.044040 0.084690
0 0.515360 0.708310 0.083820 0.127760
0 0.492560 0.817580 0.096040 0.085150
0 0.308580 0.887940 0.027560 0.077780
0 0.282260 0.935180 0.045820 0.051820
0 0.264820 0.810620 0.048430 0.056440
0 0.211950 0.805540 0.035390 0.120350
0 0.178620 0.816160 0.023940 0.065740
0 0.136960 0.809700 0.023940 0.054610
0 0.126800 0.618040 0.017170 0.034240
0 0.016110 0.539800 0.032270 0.040700
0 0.009340 0.601370 0.018720 0.037950
0 0.114030 0.677270 0.019780 0.043490
0 0.252050 0.595330 0.016660 0.048110
0 0.162460 0.463860 0.037490 0.087020
0 0.349740 0.416660 0.015060 0.059240
0 0.481480 0.425910 0.023440 0.064770
0 0.328630 0.765710 0.034380 0.081440
0 0.330690 0.263860 0.016660 0.046280
0 0.418720 0.328680 0.019780 0.033330
0 0.463540 0.380540 0.019780 0.037030
0 0.110640 0.181920 0.083820 0.099060
0 0.203620 0.131010 0.024990 0.021290
