0 0.171070 0.776610 0.033190 0.045550
0 0.283590 0.818040 0.043210 0.087940
0 0.347630 0.900430 0.028610 0.073110
0 0.210670 0.832360 0.023440 0.049990
0 0.373950 0.680520 0.044770 0.137010
0 0.461430 0.628660 0.026000 0.103690
0 0.256490 0.645370 0.032780 0.070360
0 0.142180 0.638410 0.031220 0.082400
0 0.120530 0.550930 0.034880 0.072190
0 0.010890 0.630530 0.021840 0.049990
0 0.052600 0.352300 0.017670 0.043490
0 0.107030 0.088400 0.032780 0.039780
0 0.177840 0.174040 0.029660 0.044400
0 0.374730 0.254150 0.052600 0.052740
0 0.143690 0.473110 0.035290 0.042570
