0 0.435390 0.419640 0.040700 0.032550
0 0.195150 0.196340 0.065050 0.055760
0 0.211080 0.921130 0.028890 0.049030
0 0.360810 0.629300 0.059740 0.085470
0 0.378580 0.159720 0.053380 0.058460
0 0.195560 0.196890 0.064320 0.054430
0 0.205910 0.505790 0.034420 0.030400
0 0.224860 0.411670 0.016850 0.020280
0 0.289040 0.095720 0.045960 0.039640
0 0.264270 0.171020 0.018360 0.038590
0 0.111650 0.680250 0.016890 0.065000
0 0.461110 0.636160 0.054110 0.053700
0 0.145940 0.931840 0.023800 0.035200
0 0.272280 0.931150 0.015380 0.057360
0 0.408150 0.265830 0.017810 0.024220
0 0.287850 0.012820 0.016210 0.025640
