0 0.148410 0.487300 0.030260 0.053880
0 0.407050 0.634290 0.055340 0.053790
0 0.068440 0.567180 0.036260 0.048160
0 0.209480 0.591580 0.049990 0.052090
0 0.215340 0.113440 0.042390 0.042210
0 0.136050 0.241340 0.030950 0.077130
0 0.344430 0.454340 0.023580 0.076910
0 0.147360 0.669720 0.051730 0.038860
0 0.229390 0.661070 0.045270 0.048110
0 0.282540 0.618490 0.033830 0.044400
0 0.295030 0.927760 0.025500 0.041750
0 0.319160 0.907350 0.034930 0.051730
0 0.193220 0.821740 0.036440 0.089770
0 0.584620 0.391670 0.043210 0.049990
0 0.685150 0.423580 0.023440 0.054610
0 0.580180 0.322820 0.028060 0.048070
0 0.497140 0.081440 0.014050 0.033330
0 0.028380 0.481900 0.023440 0.071270
0 0.102590 0.383290 0.018720 0.027740
0 0.108030 0.433330 0.015060 0.037030
0 0.176010 0.877270 0.026000 0.045370
0 0.198400 0.679150 0.014560 0.043490
