0 0.460060 0.612180 0.035340 0.060110
0 0.563240 0.685150 0.024440 0.079610
0 0.515860 0.469900 0.027560 0.095350
0 0.509090 0.680520 0.049440 0.059240
0 0.458050 0.765260 0.028610 0.074980
0 0.567960 0.963420 0.034880 0.073110
0 0.502630 0.958250 0.035340 0.042440
0 0.286700 0.979130 0.028610 0.041660
0 0.211720 0.980090 0.059880 0.039780
0 0.221840 0.906020 0.021840 0.054610
0 0.306250 0.868940 0.037490 0.030530
0 0.293710 0.777750 0.027050 0.033330
0 0.330690 0.601370 0.045820 0.037950
0 0.373680 0.257400 0.043210 0.027740
0 0.424220 0.073610 0.025500 0.091650
0 0.149970 0.130050 0.024990 0.039780
0 0.127580 0.170790 0.030170 0.030530
0 0.261940 0.019410 0.024990 0.038860
0 0.455760 0.881350 0.038680 0.023800
