0 0.309730 0.606320 0.045910 0.054800
0 0.470820 0.737610 0.019460 0.068760
0 0.332340 0.362280 0.062490 0.062530
0 0.282760 0.227240 0.032180 0.082490
0 0.340220 0.198260 0.037770 0.069860
0 0.097640 0.325700 0.058000 0.105100
0 0.132660 0.586860 0.032180 0.060520
0 0.231490 0.596200 0.026920 0.052550
0 0.279190 0.543970 0.018310 0.050540
0 0.252230 0.672050 0.042300 0.056530
0 0.175880 0.675390 0.048250 0.081850
0 0.213140 0.781830 0.025410 0.107120
0 0.267610 0.777520 0.023580 0.038540
0 0.237080 0.875030 0.014190 0.084500
0 0.361000 0.715630 0.026180 0.042570
0 0.134080 0.794690 0.019730 0.032590
0 0.405360 0.409480 0.029530 0.032780
