0 0.351020 0.508950 0.030490 0.053150
0 0.136510 0.727490 0.032640 0.049900
0 0.235390 0.910190 0.064410 0.089270
0 0.174780 0.610440 0.060430 0.045140
0 0.072010 0.365580 0.018590 0.058320
0 0.273660 0.668850 0.025500 0.063580
0 0.275990 0.712890 0.032410 0.017810
0 0.376790 0.628660 0.031770 0.077780
0 0.200500 0.798120 0.024990 0.053700
0 0.247100 0.798120 0.019230 0.059240
0 0.635160 0.626370 0.030720 0.073110
0 0.281760 0.299060 0.028110 0.066650
0 0.372120 0.147220 0.024440 0.051820
0 0.316370 0.750930 0.030720 0.044400
0 0.437720 0.493020 0.032780 0.082400
0 0.395010 0.735640 0.027560 0.030530
0 0.539020 0.249900 0.024990 0.068670
