0 0.111470 0.615610 0.035890 0.064730
0 0.013140 0.539530 0.026280 0.052190
0 0.321360 0.628200 0.040470 0.073200
0 0.480890 0.779310 0.032870 0.074390
0 0.448390 0.599040 0.038500 0.038820
0 0.319480 0.793960 0.029620 0.099020
0 0.447840 0.846230 0.047840 0.046230
0 0.233010 0.976840 0.026500 0.046230
0 0.191120 0.809480 0.021840 0.039280
0 0.399040 0.150930 0.016940 0.057360
0 0.629620 0.630950 0.031220 0.062030
0 0.507760 0.462490 0.032230 0.050860
0 0.225270 0.352760 0.060980 0.064730
0 0.316180 0.502630 0.013640 0.034650
