0 0.358070 0.651870 0.045230 0.030260
0 0.407190 0.831450 0.034840 0.046560
0 0.215980 0.444820 0.032320 0.031590
0 0.288900 0.082220 0.040560 0.032320
0 0.339760 0.113850 0.031770 0.081440
0 0.179350 0.334680 0.026500 0.021290
0 0.314580 0.496270 0.030170 0.048070
0 0.217170 0.527720 0.037450 0.029620
0 0.177570 0.560130 0.033330 0.029620
0 0.219460 0.643950 0.029620 0.091650
0 0.240880 0.772170 0.027560 0.079610
0 0.276040 0.893890 0.028110 0.054570
0 0.017440 0.149510 0.024440 0.039780
0 0.017440 0.560170 0.015060 0.046280
