0 0.477550 0.833100 0.031130 0.056720
0 0.482260 0.962460 0.038500 0.074980
0 0.544520 0.990710 0.026550 0.018490
0 0.392450 0.972670 0.037990 0.054610
0 0.556470 0.920350 0.025500 0.031450
0 0.482260 0.696270 0.051000 0.074070
0 0.509860 0.615240 0.019780 0.087940
0 0.445270 0.433330 0.049990 0.064770
0 0.399180 0.403200 0.026550 0.049030
0 0.424220 0.257860 0.069260 0.043490
0 0.032270 0.682860 0.042660 0.045370
0 0.031490 0.550930 0.037990 0.029620
0 0.192950 0.453240 0.044270 0.139800
0 0.259880 0.368960 0.019780 0.052740
0 0.054430 0.062490 0.034880 0.030530
