0 0.163930 0.161090 0.046970 0.075900
0 0.116370 0.259780 0.038090 0.058550
0 0.355830 0.676770 0.031450 0.057910
0 0.402520 0.840600 0.044820 0.074530
0 0.296310 0.396980 0.025500 0.082080
0 0.291870 0.519300 0.027560 0.068670
0 0.296860 0.709640 0.053560 0.051410
0 0.415750 0.690870 0.051000 0.130420
0 0.509960 0.905060 0.033010 0.090460
0 0.174000 0.526670 0.066380 0.073430
0 0.298700 0.158750 0.072370 0.137930
0 0.586950 0.408290 0.032230 0.029620
0 0.635660 0.252740 0.018220 0.027740
0 0.192170 0.975420 0.045820 0.049030
0 0.246600 0.631540 0.026000 0.051820
0 0.236160 0.719890 0.058820 0.037950
