0 0.258000 0.938980 0.070910 0.052690
0 0.304650 0.682400 0.042620 0.042530
0 0.246880 0.736510 0.031220 0.078640
0 0.155690 0.683270 0.042620 0.061070
0 0.169790 0.629160 0.056170 0.047200
0 0.101260 0.973130 0.048390 0.053700
0 0.186450 0.948090 0.040560 0.055530
0 0.390070 0.845370 0.018680 0.038820
0 0.489770 0.232320 0.020280 0.051820
0 0.537240 0.192130 0.018220 0.045370
0 0.687710 0.492060 0.044270 0.047200
0 0.170570 0.315680 0.016070 0.055530
0 0.290090 0.347680 0.030170 0.028660
0 0.025500 0.478190 0.027010 0.086110
0 0.201460 0.491920 0.043170 0.068890
