0 0.478280 0.950380 0.043630 0.048250
0 0.193180 0.658920 0.027560 0.051960
0 0.258370 0.913760 0.038090 0.078280
0 0.225310 0.117740 0.024720 0.049580
0 0.374140 0.457180 0.035890 0.047380
0 0.196800 0.422570 0.028890 0.043580
0 0.237220 0.615700 0.027560 0.029620
0 0.252600 0.648110 0.043720 0.037030
0 0.302590 0.712930 0.037490 0.061070
0 0.351020 0.747220 0.021840 0.038860
0 0.178350 0.774040 0.035930 0.040700
0 0.222110 0.874070 0.024440 0.081440
0 0.346580 0.855990 0.054660 0.062030
0 0.377570 0.935640 0.032270 0.074980
0 0.512200 0.493480 0.034880 0.042570
0 0.234200 0.758020 0.025730 0.078460
0 0.235480 0.808060 0.011220 0.030950
0 0.284870 0.645140 0.038410 0.041110
0 0.285600 0.683770 0.021190 0.036030
