0 0.176750 0.675170 0.052370 0.085790
0 0.096960 0.326530 0.057680 0.103550
0 0.281760 0.229160 0.034380 0.084230
0 0.340170 0.201240 0.037170 0.072280
0 0.333580 0.367090 0.065090 0.071270
0 0.275760 0.543970 0.028610 0.037950
0 0.299700 0.599040 0.045270 0.042570
0 0.231770 0.595330 0.027050 0.055530
0 0.253930 0.674070 0.047290 0.053700
0 0.215610 0.784710 0.026000 0.110190
0 0.133300 0.796290 0.017670 0.025910
0 0.133580 0.593960 0.030720 0.058320
0 0.127580 0.501080 0.022840 0.062030
0 0.472650 0.750930 0.017170 0.051820
0 0.268480 0.784710 0.019230 0.039780
0 0.361960 0.713850 0.024990 0.044400
0 0.238270 0.932070 0.020280 0.064180
0 0.535640 0.540260 0.028610 0.032360
0 0.458370 0.842210 0.069670 0.061800
