0 0.220330 0.797300 0.040380 0.125570
0 0.494760 0.928040 0.044040 0.085790
0 0.203070 0.131750 0.026280 0.024720
0 0.113210 0.178160 0.087940 0.093480
0 0.162970 0.465280 0.034380 0.087940
0 0.126300 0.617400 0.017170 0.046560
0 0.268990 0.805040 0.040010 0.049030
0 0.307260 0.883270 0.028110 0.075900
0 0.514810 0.711060 0.082720 0.125890
0 0.490320 0.816160 0.097370 0.089770
0 0.511920 0.539350 0.020830 0.091650
0 0.482220 0.420330 0.022890 0.057360
0 0.463540 0.377070 0.019780 0.030170
0 0.350190 0.416620 0.015010 0.062900
0 0.329920 0.262030 0.015010 0.048070
0 0.017900 0.539350 0.035890 0.039730
0 0.009340 0.602750 0.018680 0.042530
0 0.180730 0.816300 0.024950 0.052920
0 0.136920 0.808790 0.022710 0.056400
0 0.423670 0.048570 0.015010 0.052740
0 0.251820 0.594740 0.015010 0.039510
0 0.335180 0.766540 0.027650 0.075720
0 0.419500 0.328220 0.021330 0.032360
0 0.010120 0.364800 0.020280 0.025910
