0 0.052190 0.906800 0.020740 0.037670
0 0.086200 0.249990 0.034880 0.031450
0 0.064040 0.286110 0.031220 0.035160
0 0.111700 0.892560 0.027560 0.038860
0 0.241380 0.798120 0.042160 0.038860
0 0.240600 0.750420 0.036440 0.024990
0 0.336190 0.732850 0.019230 0.043490
0 0.329410 0.771300 0.028610 0.031450
0 0.312980 0.655070 0.035390 0.037950
0 0.501810 0.903690 0.030720 0.037030
0 0.538250 0.791670 0.018220 0.033330
0 0.548960 0.855070 0.020830 0.032360
0 0.378900 0.585170 0.032780 0.033330
0 0.389840 0.296730 0.016160 0.058320
0 0.385490 0.091600 0.022660 0.036480
0 0.387090 0.119020 0.028660 0.027050
0 0.296090 0.044400 0.020140 0.035250
