0 0.173910 0.157560 0.075260 0.063130
0 0.453060 0.650030 0.084050 0.068760
0 0.266930 0.048390 0.073430 0.052690
0 0.428890 0.406000 0.043080 0.035390
0 0.511700 0.888030 0.045870 0.086750
0 0.267340 0.049160 0.068620 0.054430
0 0.366120 0.119430 0.054150 0.055530
0 0.399450 0.237490 0.029160 0.034240
0 0.239050 0.127760 0.024990 0.061070
0 0.177070 0.503230 0.039550 0.037950
0 0.342690 0.644910 0.048940 0.073110
0 0.069490 0.709680 0.016110 0.082400
0 0.179400 0.957380 0.036940 0.061070
0 0.105930 0.976700 0.024080 0.039960
0 0.247380 0.970790 0.018720 0.058320
0 0.560910 0.567590 0.038500 0.057400
0 0.527310 0.625910 0.019230 0.057400
0 0.578210 0.655890 0.027280 0.078050
0 0.495310 0.450900 0.024990 0.061070
0 0.193730 0.399950 0.019780 0.025910
