0 0.467340 0.528270 0.054150 0.049030
0 0.200230 0.691330 0.063450 0.070500
0 0.184620 0.442210 0.037860 0.033420
0 0.188650 0.802290 0.046560 0.054340
0 0.407000 0.582380 0.036940 0.066650
0 0.378900 0.843030 0.037990 0.087940
0 0.317970 0.775920 0.042160 0.048110
0 0.419230 0.852600 0.023350 0.122130
0 0.412680 0.790250 0.042760 0.040010
0 0.339800 0.524510 0.026550 0.050900
0 0.263770 0.656440 0.024440 0.083310
0 0.305200 0.665280 0.020830 0.039780
0 0.578900 0.610620 0.046330 0.062030
0 0.428380 0.387410 0.017580 0.039000
