0 0.165760 0.922870 0.046420 0.040470
0 0.220280 0.889590 0.052190 0.060110
0 0.489910 0.470360 0.030720 0.062670
0 0.011400 0.434060 0.022710 0.042940
0 0.251540 0.642940 0.030030 0.033550
0 0.113620 0.635020 0.022060 0.055760
0 0.363060 0.699750 0.024220 0.037130
0 0.439050 0.461520 0.029160 0.093480
0 0.233050 0.406910 0.020280 0.060150
0 0.094250 0.457130 0.031270 0.051000
0 0.154410 0.570790 0.023440 0.063860
0 0.211440 0.557840 0.014560 0.034240
0 0.164800 0.622200 0.028610 0.048110
0 0.304920 0.740720 0.020280 0.068480
0 0.067700 0.829710 0.018720 0.053470
