0 0.174690 0.446100 0.039370 0.038640
0 0.375230 0.611310 0.057130 0.059880
0 0.279470 0.660430 0.050310 0.095080
0 0.209020 0.113530 0.039050 0.083180
0 0.318100 0.845000 0.057180 0.074390
0 0.318290 0.844820 0.057720 0.075720
0 0.340400 0.315450 0.048800 0.051500
0 0.223440 0.245780 0.033100 0.030670
0 0.156150 0.331150 0.032320 0.028560
0 0.196430 0.557240 0.021330 0.045460
0 0.343330 0.687800 0.037810 0.048660
0 0.340310 0.756650 0.048710 0.063680
0 0.373590 0.740220 0.029340 0.076720
0 0.424440 0.755460 0.023800 0.045460
0 0.394280 0.833010 0.050720 0.050220
0 0.346300 0.532200 0.032180 0.081350
0 0.135730 0.718330 0.024670 0.041660
