0 0.436440 0.569560 0.055210 0.068210
0 0.246050 0.613410 0.037990 0.067570
0 0.210710 0.757380 0.036030 0.068480
0 0.346580 0.837030 0.027560 0.055530
0 0.430030 0.892100 0.044040 0.049030
0 0.440330 0.970340 0.042160 0.059240
0 0.291650 0.914310 0.029160 0.037950
0 0.129500 0.464770 0.034010 0.046280
0 0.067150 0.542550 0.019780 0.051820
0 0.324380 0.429160 0.023070 0.023120
0 0.316960 0.503270 0.032230 0.038730
0 0.471870 0.410480 0.039370 0.040740
0 0.053600 0.275900 0.036440 0.038860
0 0.195560 0.108400 0.020280 0.040510
0 0.078870 0.182240 0.020280 0.067060
0 0.083450 0.951250 0.013140 0.019130
0 0.288850 0.710320 0.028930 0.058050
