0 0.185720 0.447520 0.039280 0.034740
0 0.325470 0.832780 0.057720 0.071780
0 0.207600 0.557110 0.022480 0.044680
0 0.352530 0.529920 0.037450 0.084050
0 0.220100 0.130880 0.038410 0.079470
0 0.289310 0.659690 0.037990 0.086110
0 0.379130 0.609250 0.056210 0.053700
0 0.346350 0.693930 0.037490 0.067570
0 0.348960 0.745800 0.044770 0.067570
0 0.380180 0.731930 0.034380 0.074980
0 0.425860 0.745250 0.024220 0.042390
0 0.402330 0.824990 0.040050 0.042570
0 0.299200 0.987460 0.040050 0.024990
0 0.170020 0.339350 0.032780 0.030530
0 0.236710 0.256900 0.037990 0.034240
0 0.347360 0.324060 0.047880 0.053700
