0 0.052050 0.908630 0.022020 0.044770
0 0.239830 0.750930 0.035890 0.027700
0 0.332250 0.756470 0.028110 0.061070
0 0.308770 0.656860 0.033330 0.032320
0 0.389840 0.294900 0.017170 0.058320
0 0.386720 0.120440 0.025180 0.024630
0 0.385950 0.095950 0.020650 0.030620
0 0.094760 0.245370 0.031220 0.031450
0 0.063770 0.288400 0.032780 0.034200
0 0.172630 0.490640 0.017400 0.018680
0 0.448660 0.607370 0.017170 0.053700
0 0.371070 0.587000 0.031770 0.031450
0 0.238500 0.794870 0.040600 0.036070
0 0.293160 0.045410 0.016710 0.036350
0 0.349970 0.017620 0.013600 0.019130
0 0.272190 0.556600 0.013820 0.032460
0 0.335680 0.568320 0.011860 0.022290
