0 0.460520 0.470820 0.051730 0.059420
0 0.209110 0.499110 0.030720 0.052740
0 0.117650 0.074940 0.029160 0.085150
0 0.255210 0.761550 0.042620 0.067570
0 0.258550 0.869860 0.018220 0.037950
0 0.221610 0.963840 0.055660 0.072140
0 0.325980 0.972170 0.022890 0.027700
0 0.303090 0.701300 0.047840 0.052740
0 0.292700 0.615660 0.030170 0.074070
0 0.338250 0.735180 0.039050 0.048070
0 0.364570 0.782790 0.047840 0.060110
0 0.543140 0.441200 0.045780 0.056400
0 0.502590 0.143470 0.022890 0.027700
0 0.376290 0.534680 0.025500 0.045370
0 0.418680 0.691650 0.017670 0.046230
0 0.066150 0.456170 0.039510 0.032780
0 0.627190 0.627740 0.022380 0.044450
0 0.262390 0.536100 0.013820 0.037450
