0 0.138340 0.784660 0.019870 0.046880
0 0.457130 0.552760 0.024720 0.041890
0 0.449070 0.592810 0.011670 0.030990
0 0.474570 0.633460 0.016620 0.028060
0 0.525840 0.706020 0.021380 0.033920
0 0.507670 0.776330 0.021190 0.034790
0 0.500890 0.811900 0.019230 0.054380
0 0.091830 0.514030 0.035890 0.031860
0 0.543280 0.192770 0.015060 0.032090
0 0.450310 0.254380 0.024990 0.018080
0 0.219410 0.284920 0.015470 0.039960
0 0.239640 0.466290 0.012360 0.030300
0 0.271600 0.419320 0.011310 0.015610
0 0.386130 0.959260 0.013690 0.033740
0 0.285510 0.877130 0.015380 0.039510
0 0.099570 0.441890 0.017990 0.018170
0 0.271730 0.019550 0.014190 0.024120
0 0.631450 0.603340 0.024260 0.037860
