0 0.473290 0.728040 0.019640 0.067800
0 0.098700 0.325430 0.055710 0.099060
0 0.280980 0.230080 0.031770 0.086110
0 0.335130 0.365710 0.068210 0.068480
0 0.315080 0.608290 0.037490 0.053700
0 0.274980 0.543050 0.022890 0.049030
0 0.230950 0.594870 0.026550 0.056440
0 0.250490 0.675900 0.038500 0.049990
0 0.132520 0.588880 0.027560 0.066650
0 0.170570 0.570340 0.029660 0.029620
0 0.174180 0.677270 0.045270 0.076810
0 0.214830 0.779630 0.025500 0.103690
0 0.237490 0.874070 0.019780 0.087020
0 0.133810 0.798580 0.020830 0.028660
0 0.267700 0.786540 0.019780 0.037950
0 0.361460 0.713390 0.026000 0.045370
0 0.533300 0.537930 0.029160 0.038860
0 0.127810 0.514950 0.019360 0.073470
