0 0.431360 0.762510 0.030810 0.078190
0 0.341270 0.635480 0.038270 0.062170
0 0.307210 0.280890 0.044130 0.077450
0 0.276540 0.063680 0.045870 0.089680
0 0.223160 0.637030 0.037990 0.033330
0 0.297370 0.898150 0.038500 0.040700
0 0.278640 0.952760 0.014560 0.031450
0 0.317420 0.831910 0.023440 0.039780
0 0.417810 0.833280 0.046050 0.055440
0 0.467930 0.906480 0.031770 0.105520
0 0.419910 0.655070 0.027280 0.094900
0 0.387230 0.578670 0.024440 0.072190
0 0.298100 0.214330 0.058920 0.052740
0 0.334580 0.019550 0.029940 0.039000
0 0.129920 0.562460 0.011950 0.036070
0 0.178620 0.963880 0.022890 0.044400
0 0.449440 0.434700 0.033330 0.058320
0 0.334630 0.371300 0.043210 0.042570
0 0.242160 0.782830 0.014560 0.026830
