0 0.449810 0.743330 0.035390 0.090000
0 0.507760 0.893020 0.041250 0.047930
0 0.281760 0.071270 0.022890 0.081440
0 0.240050 0.072650 0.027050 0.060150
0 0.391900 0.305520 0.022380 0.033330
0 0.459330 0.974040 0.029160 0.051820
0 0.155460 0.719890 0.031770 0.039780
0 0.188510 0.695350 0.040600 0.053700
0 0.189840 0.912020 0.035930 0.059240
0 0.207870 0.826960 0.017850 0.037260
0 0.324470 0.776060 0.022890 0.057040
0 0.225770 0.166630 0.049440 0.037030
0 0.052600 0.168960 0.014560 0.030530
0 0.315360 0.907900 0.049440 0.023250
