0 0.048390 0.891100 0.022380 0.036580
0 0.125470 0.633330 0.020830 0.048110
0 0.168180 0.598580 0.037490 0.062030
0 0.196840 0.623580 0.046880 0.052740
0 0.242440 0.679150 0.032780 0.074980
0 0.176010 0.731930 0.033330 0.036070
0 0.159900 0.849990 0.028110 0.074070
0 0.248660 0.955050 0.041110 0.058320
0 0.361460 0.682400 0.042660 0.042570
0 0.328910 0.595330 0.044270 0.046280
0 0.340630 0.486110 0.038500 0.051820
0 0.325750 0.412040 0.032780 0.098150
0 0.449710 0.430990 0.032780 0.082400
0 0.502040 0.495810 0.026000 0.065740
0 0.304140 0.134220 0.027050 0.070360
0 0.284600 0.511560 0.032780 0.030530
