0 0.319620 0.843080 0.056630 0.070950
0 0.279790 0.661800 0.050540 0.099340
0 0.375010 0.611310 0.057360 0.061710
0 0.209250 0.113070 0.037450 0.082080
0 0.346720 0.531430 0.039920 0.086520
0 0.197300 0.555830 0.023350 0.054340
0 0.175330 0.446100 0.039510 0.041570
0 0.341040 0.315820 0.053790 0.058920
0 0.227560 0.251820 0.041660 0.038860
0 0.157290 0.333760 0.036440 0.032360
0 0.287980 0.206450 0.016660 0.033330
0 0.393450 0.840700 0.045270 0.053700
0 0.373950 0.744880 0.028110 0.080520
0 0.423440 0.760630 0.024990 0.058320
0 0.342690 0.762460 0.044770 0.060150
0 0.286430 0.780540 0.024990 0.025910
0 0.343470 0.690270 0.035930 0.045370
0 0.136190 0.717100 0.025500 0.041660
0 0.099470 0.638450 0.014560 0.028750
