0 0.265740 0.594920 0.022380 0.027150
0 0.394510 0.550060 0.036990 0.053700
0 0.397530 0.643080 0.023120 0.028750
0 0.336100 0.297320 0.021420 0.035070
0 0.271180 0.384660 0.016430 0.018360
0 0.324970 0.555370 0.017580 0.021420
0 0.356470 0.610890 0.032320 0.018040
0 0.326210 0.595240 0.020830 0.019410
0 0.319160 0.770890 0.012040 0.054110
0 0.418220 0.952850 0.015290 0.036070
0 0.374780 0.939760 0.026410 0.024810
0 0.292150 0.878420 0.011670 0.019360
0 0.583340 0.247200 0.009250 0.031910
0 0.154410 0.187550 0.018810 0.025090
0 0.530370 0.695080 0.007140 0.021840
