0 0.189930 0.152120 0.070410 0.063220
0 0.267800 0.044360 0.068530 0.050450
0 0.455530 0.652050 0.073520 0.067430
0 0.175880 0.501170 0.034420 0.042440
0 0.339350 0.640560 0.056630 0.084460
0 0.510690 0.885880 0.044360 0.091830
0 0.177160 0.960040 0.035570 0.056400
0 0.364570 0.117560 0.054150 0.057400
0 0.399180 0.240700 0.031770 0.035160
0 0.435930 0.405080 0.040600 0.030530
0 0.495030 0.449030 0.024440 0.064770
0 0.240600 0.983790 0.029160 0.032360
0 0.114310 0.977750 0.040050 0.044400
0 0.576520 0.664320 0.027050 0.054610
0 0.523690 0.631450 0.022380 0.075900
0 0.559620 0.575920 0.026550 0.068480
0 0.069310 0.709680 0.011080 0.071320
