0 0.195380 0.836030 0.038320 0.070180
0 0.204260 0.369380 0.034650 0.033010
0 0.262070 0.639090 0.036070 0.069120
0 0.287620 0.594550 0.037450 0.031130
0 0.337740 0.593320 0.026280 0.077230
0 0.305520 0.551890 0.015060 0.035480
0 0.399400 0.523830 0.019230 0.049160
0 0.446740 0.593640 0.033280 0.050450
0 0.458270 0.774270 0.038180 0.089040
0 0.492290 0.892330 0.036760 0.044820
0 0.386630 0.865230 0.025220 0.023030
0 0.263630 0.923460 0.035020 0.066010
0 0.303230 0.797020 0.032230 0.049810
0 0.256810 0.808830 0.015060 0.024900
0 0.215980 0.797020 0.029390 0.075990
0 0.182880 0.726620 0.039600 0.053560
0 0.120490 0.761500 0.026280 0.064770
0 0.050030 0.878920 0.022060 0.030490
0 0.600000 0.378710 0.020280 0.034240
0 0.594230 0.351610 0.016430 0.022380
0 0.371210 0.352210 0.039230 0.066010
0 0.033600 0.683960 0.026280 0.040470
