0 0.488720 0.476450 0.034520 0.067700
0 0.165990 0.919070 0.046510 0.040470
0 0.219960 0.889770 0.052050 0.058690
0 0.113940 0.645870 0.022160 0.055120
0 0.006450 0.428020 0.013050 0.062580
0 0.153400 0.566310 0.024630 0.061940
0 0.439550 0.461070 0.026000 0.090730
0 0.233330 0.405540 0.019780 0.059240
0 0.209890 0.556920 0.016660 0.036070
0 0.251270 0.644400 0.029660 0.025910
0 0.164800 0.624030 0.029660 0.046280
0 0.093480 0.459690 0.029660 0.050350
0 0.539020 0.567590 0.016660 0.025910
0 0.300760 0.740260 0.027560 0.071270
0 0.362230 0.701810 0.024440 0.027740
0 0.430950 0.801370 0.049440 0.121260
0 0.066930 0.827470 0.019230 0.048660
