0 0.446830 0.746030 0.033740 0.091330
0 0.285330 0.090140 0.037630 0.062260
0 0.154820 0.713530 0.034520 0.043260
0 0.330100 0.581410 0.045000 0.034840
0 0.241520 0.075810 0.025960 0.059330
0 0.189930 0.691330 0.045370 0.056530
0 0.211170 0.831910 0.022380 0.039780
0 0.189150 0.906710 0.028060 0.054430
0 0.316690 0.903820 0.011350 0.023070
0 0.522220 0.523780 0.022930 0.037490
0 0.393040 0.304420 0.017400 0.030900
0 0.505560 0.895350 0.033970 0.042530
0 0.222660 0.167090 0.041020 0.031450
0 0.460290 0.972170 0.022430 0.047520
0 0.560770 0.988510 0.020000 0.020780
0 0.603110 0.318380 0.016940 0.040420
