0 0.208470 0.113440 0.039690 0.083270
0 0.174690 0.446010 0.041570 0.039190
0 0.372810 0.611080 0.061300 0.061710
0 0.279790 0.659970 0.050130 0.095080
0 0.318700 0.845780 0.055940 0.074710
0 0.346810 0.531610 0.039830 0.086200
0 0.196890 0.556790 0.022890 0.052510
0 0.318930 0.845690 0.056950 0.075990
0 0.341270 0.315450 0.053380 0.057680
0 0.227560 0.251820 0.042660 0.038860
0 0.157020 0.333760 0.034880 0.032360
0 0.340630 0.699520 0.040600 0.063860
0 0.343740 0.761550 0.043720 0.062030
0 0.373400 0.745340 0.030170 0.088850
0 0.423440 0.762460 0.024990 0.058320
0 0.396340 0.843490 0.049990 0.059240
0 0.594280 0.531790 0.021930 0.037580
0 0.285370 0.781000 0.024990 0.024990
