0 0.051960 0.909730 0.022250 0.040470
0 0.112890 0.890640 0.020280 0.040330
0 0.330970 0.754960 0.032230 0.065600
0 0.384660 0.094030 0.024580 0.031720
0 0.386310 0.120810 0.027330 0.025960
0 0.388140 0.291100 0.014370 0.040790
0 0.447290 0.247010 0.009250 0.025960
0 0.449160 0.604720 0.015750 0.049440
0 0.375510 0.582470 0.031270 0.021420
0 0.334910 0.564520 0.009480 0.016070
0 0.314260 0.653190 0.035930 0.039140
0 0.233880 0.745980 0.025040 0.022660
0 0.240600 0.794000 0.037990 0.032140
0 0.248070 0.921220 0.020370 0.046560
0 0.287160 0.987410 0.015520 0.018950
0 0.503690 0.897320 0.026870 0.033370
0 0.537060 0.784300 0.014830 0.029250
0 0.500340 0.022480 0.022250 0.032680
0 0.293750 0.045090 0.012590 0.032270
0 0.093110 0.245960 0.024950 0.024950
0 0.063580 0.289680 0.025410 0.032270
0 0.172440 0.488810 0.017400 0.015470
0 0.024950 0.562010 0.012090 0.031820
