0 0.117510 0.075720 0.033880 0.093800
0 0.254430 0.758620 0.042300 0.072790
0 0.460200 0.471600 0.050310 0.061070
0 0.293160 0.611760 0.029850 0.083960
0 0.207600 0.497690 0.029850 0.046740
0 0.407510 0.083410 0.018220 0.050220
0 0.397160 0.139250 0.040510 0.053470
0 0.501490 0.144340 0.018590 0.023620
0 0.378480 0.539670 0.022340 0.031270
0 0.443350 0.574780 0.008790 0.020280
0 0.302490 0.699340 0.031630 0.046100
0 0.418810 0.688760 0.019230 0.039320
0 0.335910 0.734860 0.036120 0.037630
0 0.354730 0.775880 0.031360 0.041840
0 0.326890 0.969380 0.020420 0.021970
0 0.258820 0.868070 0.017120 0.037630
0 0.217440 0.968600 0.058960 0.062710
0 0.064450 0.455120 0.036210 0.033460
0 0.542280 0.437490 0.044270 0.038640
0 0.625180 0.620140 0.027920 0.050860
