0 0.465050 0.764890 0.029710 0.034840
0 0.387780 0.872970 0.017580 0.035480
0 0.225590 0.214560 0.037630 0.037860
0 0.308770 0.606870 0.028110 0.034200
0 0.378900 0.633740 0.032780 0.026830
0 0.300210 0.699520 0.026500 0.049030
0 0.355920 0.690680 0.012950 0.042530
0 0.323090 0.699520 0.020280 0.054570
0 0.345300 0.726850 0.025960 0.048070
0 0.371070 0.734220 0.017170 0.036990
0 0.439280 0.885150 0.024400 0.068440
0 0.537240 0.886110 0.031770 0.033330
0 0.646830 0.972170 0.033330 0.055530
0 0.421060 0.435160 0.030720 0.022160
0 0.413280 0.524930 0.021290 0.055530
0 0.327530 0.079150 0.029160 0.037950
0 0.167640 0.287480 0.013460 0.037950
0 0.359080 0.874070 0.021290 0.027700
0 0.371300 0.970340 0.022890 0.033330
0 0.529920 0.610440 0.020280 0.028240
0 0.163200 0.572170 0.015200 0.029530
0 0.363380 0.092650 0.013730 0.018950
0 0.118430 0.305520 0.011220 0.021290
