0 0.403480 0.633550 0.057500 0.050860
0 0.344750 0.453790 0.025180 0.078830
0 0.230170 0.656950 0.049760 0.054250
0 0.151660 0.486200 0.029160 0.051870
0 0.214790 0.113300 0.043580 0.042070
0 0.067250 0.568050 0.037220 0.046740
0 0.135730 0.241250 0.035800 0.075810
0 0.143100 0.667700 0.044360 0.041570
0 0.211080 0.593090 0.054750 0.053560
0 0.585900 0.387500 0.043810 0.045460
0 0.579860 0.326070 0.027050 0.044950
0 0.680890 0.427510 0.031450 0.040740
0 0.497550 0.081900 0.010570 0.034470
0 0.026830 0.477180 0.027330 0.076310
0 0.194600 0.818080 0.033510 0.083630
0 0.320810 0.902270 0.032910 0.041790
0 0.304740 0.928400 0.040880 0.037630
0 0.101950 0.378670 0.020190 0.022290
0 0.175970 0.871870 0.019000 0.048430
0 0.487620 0.288260 0.043490 0.089910
