0 0.261480 0.425090 0.040790 0.046100
0 0.340350 0.613410 0.032780 0.041660
0 0.449990 0.638860 0.028110 0.074070
0 0.295030 0.827740 0.020280 0.057400
0 0.282540 0.888850 0.025500 0.029620
0 0.296590 0.977750 0.037990 0.044400
0 0.222110 0.968960 0.017170 0.062030
0 0.116140 0.600920 0.019780 0.072190
0 0.493200 0.168510 0.027050 0.042570
0 0.539020 0.183290 0.015610 0.053700
0 0.518470 0.362010 0.030720 0.055530
0 0.640880 0.524970 0.035930 0.068480
0 0.400780 0.390710 0.034880 0.037030
0 0.355960 0.236070 0.047380 0.088850
