0 0.179450 0.383890 0.045140 0.042300
0 0.216300 0.877780 0.032550 0.068020
0 0.332160 0.753630 0.048250 0.071690
0 0.222710 0.138800 0.026370 0.071460
0 0.400870 0.623580 0.049810 0.061480
0 0.347040 0.492930 0.035930 0.052830
0 0.690550 0.485010 0.051960 0.060430
0 0.331750 0.754180 0.047840 0.074300
0 0.188650 0.678600 0.067150 0.087710
0 0.188510 0.751250 0.032550 0.041980
0 0.131240 0.755550 0.021840 0.070360
0 0.438500 0.562460 0.014560 0.041660
0 0.589840 0.414330 0.029660 0.056440
0 0.550510 0.012040 0.032270 0.024030
0 0.378350 0.144880 0.022380 0.071270
0 0.255440 0.094900 0.027560 0.102770
0 0.616620 0.605580 0.017990 0.033280
0 0.380450 0.821240 0.022480 0.032140
