0 0.244590 0.606320 0.038500 0.098700
0 0.465280 0.774690 0.036800 0.072880
0 0.634200 0.036030 0.051360 0.043900
0 0.038860 0.322590 0.024030 0.023530
0 0.039410 0.404210 0.038410 0.031950
0 0.116730 0.696500 0.011720 0.039690
0 0.339570 0.734580 0.027420 0.039280
0 0.398760 0.652690 0.049530 0.044170
0 0.498330 0.678780 0.033740 0.072370
0 0.526670 0.926760 0.040240 0.044680
0 0.251220 0.931330 0.017990 0.035430
0 0.449350 0.421560 0.035430 0.067570
0 0.504280 0.472470 0.021790 0.090960
0 0.697870 0.661660 0.041930 0.054750
0 0.558480 0.830720 0.025540 0.055850
