0 0.135960 0.726760 0.032960 0.049810
0 0.238500 0.904230 0.051640 0.078740
0 0.350840 0.508540 0.031450 0.052740
0 0.071920 0.364250 0.019000 0.063450
0 0.175100 0.610120 0.059970 0.046420
0 0.376880 0.147040 0.026410 0.052370
0 0.280430 0.298830 0.024260 0.067800
0 0.376010 0.626690 0.034200 0.074710
0 0.431680 0.490680 0.037260 0.078550
0 0.395060 0.727990 0.029890 0.023070
0 0.273290 0.672140 0.021190 0.065460
0 0.276770 0.716460 0.034200 0.018450
0 0.314670 0.741500 0.032910 0.042340
0 0.248570 0.797340 0.023800 0.067800
0 0.200920 0.790800 0.028150 0.039280
0 0.236670 0.444450 0.012130 0.040050
0 0.011720 0.545390 0.023440 0.044680
