0 0.431680 0.761460 0.031450 0.079700
0 0.341080 0.636210 0.038820 0.062260
0 0.298370 0.213410 0.056310 0.052740
0 0.308030 0.281900 0.041110 0.073110
0 0.449710 0.434700 0.033830 0.060150
0 0.364570 0.535640 0.026000 0.065740
0 0.387230 0.579630 0.025500 0.074070
0 0.420830 0.660610 0.031220 0.093480
0 0.468210 0.903230 0.031220 0.100890
0 0.417810 0.836120 0.044040 0.061200
0 0.298150 0.897180 0.039050 0.038860
0 0.318750 0.826830 0.023940 0.049990
0 0.177840 0.964340 0.022380 0.049030
0 0.223440 0.637030 0.037490 0.035160
0 0.276040 0.061520 0.038500 0.082400
0 0.336190 0.022660 0.032780 0.045370
0 0.333580 0.368960 0.046330 0.039780
