0 0.460750 0.470180 0.051090 0.062670
0 0.117100 0.074850 0.033420 0.096270
0 0.208830 0.503690 0.021840 0.051820
0 0.260150 0.545340 0.026550 0.046280
0 0.293200 0.614790 0.029160 0.096270
0 0.374960 0.537010 0.023940 0.042570
0 0.417940 0.691650 0.017170 0.046280
0 0.337240 0.733300 0.031770 0.062940
0 0.300480 0.695810 0.038500 0.067570
0 0.258320 0.762010 0.042660 0.070360
0 0.260380 0.880520 0.020830 0.059240
0 0.225680 0.968510 0.040240 0.062940
0 0.327080 0.971300 0.024990 0.029620
0 0.407140 0.089680 0.016750 0.070080
