0 0.166400 0.956790 0.028660 0.054340
0 0.411720 0.647610 0.026500 0.084230
0 0.335410 0.794830 0.051000 0.058320
0 0.245230 0.879150 0.024950 0.076770
0 0.172400 0.699520 0.027010 0.095310
0 0.016620 0.096730 0.033330 0.037950
0 0.472100 0.142550 0.019230 0.061070
0 0.343970 0.463360 0.051500 0.065740
0 0.439510 0.508310 0.033330 0.062900
0 0.360130 0.050450 0.028560 0.052740
0 0.416070 0.081440 0.018680 0.059240
0 0.055660 0.207320 0.030170 0.038820
0 0.075490 0.427240 0.033330 0.043490
0 0.334860 0.714810 0.027010 0.046230
0 0.278920 0.626280 0.022020 0.026500
0 0.468710 0.986080 0.055210 0.027740
