0 0.357980 0.869170 0.023670 0.033510
0 0.465090 0.764800 0.030030 0.034290
0 0.536640 0.884460 0.031910 0.035160
0 0.388560 0.874480 0.018040 0.034700
0 0.328590 0.079930 0.030950 0.038500
0 0.420550 0.435610 0.030720 0.023120
0 0.413500 0.524970 0.021840 0.055530
0 0.307260 0.606910 0.032270 0.034240
0 0.378350 0.632870 0.029660 0.024990
0 0.297140 0.649530 0.015060 0.021290
0 0.302040 0.695810 0.029160 0.049030
0 0.356240 0.689310 0.013500 0.037950
0 0.344240 0.727310 0.027050 0.050900
0 0.371850 0.735640 0.015610 0.036070
0 0.370790 0.969880 0.023940 0.034240
0 0.440050 0.881940 0.021840 0.056490
0 0.226780 0.216160 0.037990 0.032360
0 0.167680 0.286560 0.014560 0.039780
0 0.157060 0.062490 0.016020 0.023120
0 0.645270 0.957110 0.020970 0.051090
0 0.528500 0.609160 0.024220 0.025770
