0 0.417260 0.597850 0.052920 0.044360
0 0.145300 0.410620 0.024990 0.078690
0 0.115080 0.443950 0.021840 0.062030
0 0.198950 0.628660 0.039550 0.099980
0 0.177570 0.534680 0.049990 0.043490
0 0.252600 0.638410 0.024990 0.058320
0 0.224990 0.738430 0.037490 0.106480
0 0.283040 0.751380 0.055710 0.065740
0 0.261430 0.896270 0.028110 0.044400
0 0.322360 0.949050 0.043720 0.044400
0 0.386450 0.922680 0.036440 0.065740
0 0.415340 0.875440 0.028610 0.076810
0 0.559350 0.278690 0.031220 0.055530
0 0.143470 0.112020 0.019230 0.042570
