0 0.184760 0.572080 0.047060 0.056080
0 0.185170 0.572580 0.047430 0.058230
0 0.402430 0.840010 0.043950 0.069540
0 0.123600 0.271140 0.034840 0.037770
0 0.355500 0.675170 0.029390 0.061390
0 0.510510 0.902270 0.034610 0.085010
0 0.298880 0.709320 0.059560 0.051180
0 0.167320 0.165350 0.048160 0.070270
0 0.188010 0.492610 0.060610 0.062260
0 0.296860 0.397670 0.026000 0.078690
0 0.291650 0.520350 0.024990 0.068480
0 0.337740 0.487020 0.035930 0.064770
0 0.247380 0.634240 0.024990 0.053700
0 0.235930 0.719430 0.060380 0.037030
0 0.193220 0.968690 0.041660 0.041150
0 0.584530 0.405260 0.035290 0.023710
0 0.416390 0.695350 0.047380 0.124060
0 0.635390 0.251820 0.017670 0.027740
0 0.298920 0.173910 0.072880 0.103780
0 0.336780 0.779450 0.039190 0.097780
