0 0.267800 0.048250 0.068300 0.049160
0 0.181830 0.156330 0.076680 0.064550
0 0.452830 0.651540 0.081120 0.065830
0 0.342280 0.645870 0.055990 0.082080
0 0.341590 0.644130 0.056080 0.082540
0 0.365350 0.117100 0.053600 0.054610
0 0.406230 0.240700 0.042660 0.035160
0 0.179400 0.957840 0.035930 0.060150
0 0.244770 0.975920 0.020830 0.048110
0 0.495810 0.443030 0.026000 0.073110
0 0.526800 0.628660 0.022380 0.061070
0 0.559440 0.571070 0.027050 0.067150
0 0.178120 0.505060 0.039550 0.039780
0 0.109590 0.977750 0.025450 0.044400
