0 0.254980 0.656720 0.054980 0.057130
0 0.107390 0.448290 0.028930 0.050310
0 0.070910 0.134680 0.044590 0.095400
0 0.272140 0.760540 0.026050 0.065600
0 0.206500 0.702270 0.028610 0.110190
0 0.209610 0.920350 0.052600 0.048110
0 0.250770 0.880520 0.014050 0.037030
0 0.270270 0.928220 0.019780 0.037950
0 0.288760 0.828200 0.030720 0.058320
0 0.343970 0.740720 0.042160 0.051820
0 0.478870 0.778210 0.050490 0.050900
0 0.509730 0.734910 0.036710 0.046780
0 0.442940 0.576840 0.035930 0.051820
0 0.028380 0.925430 0.045270 0.050900
0 0.563520 0.253240 0.017670 0.036070
0 0.352990 0.828660 0.020600 0.017490
