0 0.206320 0.150150 0.046330 0.076680
0 0.484140 0.579130 0.033330 0.095950
0 0.310690 0.943880 0.056530 0.054980
0 0.159260 0.390160 0.051870 0.054800
0 0.347910 0.442570 0.049990 0.048110
0 0.210670 0.485150 0.027560 0.053700
0 0.170570 0.612040 0.032780 0.087020
0 0.187730 0.800460 0.040050 0.060150
0 0.245270 0.812040 0.042660 0.046280
0 0.292420 0.793960 0.025500 0.078690
0 0.280200 0.883310 0.040600 0.101810
0 0.324970 0.831450 0.032270 0.029620
0 0.336690 0.763880 0.020280 0.046280
0 0.385670 0.819870 0.019230 0.089770
0 0.443990 0.765710 0.022380 0.062940
0 0.443490 0.835610 0.033830 0.045370
0 0.372900 0.680980 0.034380 0.087940
0 0.336960 0.600460 0.044770 0.037950
0 0.291370 0.704140 0.026550 0.032360
0 0.166400 0.979630 0.025500 0.040700
0 0.217440 0.983290 0.023440 0.033330
0 0.273660 0.994420 0.031770 0.011080
0 0.203390 0.854610 0.032780 0.083310
0 0.141630 0.715270 0.034380 0.082400
0 0.083820 0.524510 0.045820 0.037950
0 0.391390 0.021740 0.015060 0.043490
0 0.013280 0.957380 0.026550 0.042570
